=========================================================================
 GEOMETRIC SUMMARY  (all poses after theta merge — pre-stability)
 Part  : Rk2i
 Chute : Roll = 15 deg   Pitch = 15 deg
 Total poses: 24
=========================================================================

Pose  Plane   Theta     refQuat [w x y z]                       FloorVerts | WallVerts
----------------------------------------------------------------------------------------------------
1     1       0.00      [ 0.7071  0.0000 -0.7071  0.0000]       [1;2;3;4] | [3;4;11;19;31;32]
2     1       89.75     [ 0.5011  0.4989 -0.5011  0.4989]       [1;2;3;4] | [1;3;5;11;13;19;25;27;29;31]
3     1       180.00    [ 0.0000  0.7071 -0.0000  0.7071]       [1;2;3;4] | [1;2;5;13;25;26]
4     1       269.75    [-0.4989  0.5011  0.4989  0.5011]       [1;2;3;4] | [2;4;26;32]
5     2       0.00      [ 1.0000  0.0000  0.0000  0.0000]       [1;3;5;7;9;11;13;15;17;19;21;23;25;27;29;31] | [3;4;11;19;31;32]
6     2       89.75     [ 0.7086  0.0000  0.0000  0.7056]       [1;3;5;7;9;11;13;15;17;19;21;23;25;27;29;31] | [25;26;27;29;31;32]
7     2       179.92    [ 0.0007  0.0000  0.0000  1.0000]       [1;3;5;7;9;11;13;15;17;19;21;23;25;27;29;31] | [1;2;5;13;25;26]
8     2       269.75    [-0.7056  0.0000  0.0000  0.7086]       [1;3;5;7;9;11;13;15;17;19;21;23;25;27;29;31] | [1;2;3;4]
9     3       0.00      [ 0.7071  0.7071  0.0000  0.0000]       [1;2;5;6;13;14;25;26] | [1;3;5;11;13;19;25;27;29;31]
10    3       90.00     [ 0.5000  0.5000  0.5000  0.5000]       [1;2;5;6;13;14;25;26] | [25;26;27;29;31;32]
11    3       179.75    [ 0.0015  0.0015  0.7071  0.7071]       [1;2;5;6;13;14;25;26] | [2;4;26;32]
12    3       270.00    [-0.5000 -0.5000  0.5000  0.5000]       [1;2;5;6;13;14;25;26] | [1;2;3;4]
13    4       0.00      [ 0.0000 -0.0000  1.0000  0.0000]       [2;4;6;8;10;12;14;16;18;20;22;24;26;28;30;32] | [3;4;11;19;31;32]
14    4       89.75     [ 0.0000 -0.7056  0.7086  0.0000]       [2;4;6;8;10;12;14;16;18;20;22;24;26;28;30;32] | [1;2;3;4]
15    4       179.92    [-0.0000  1.0000 -0.0007 -0.0000]       [2;4;6;8;10;12;14;16;18;20;22;24;26;28;30;32] | [1;2;5;13;25;26]
16    4       269.75    [ 0.0000  0.7086  0.7056 -0.0000]       [2;4;6;8;10;12;14;16;18;20;22;24;26;28;30;32] | [25;26;27;29;31;32]
17    5       0.00      [ 0.7071 -0.7071  0.0000  0.0000]       [3;4;11;12;19;20;31;32] | [2;4;26;32]
18    5       90.00     [ 0.5000 -0.5000 -0.5000  0.5000]       [3;4;11;12;19;20;31;32] | [25;26;27;29;31;32]
19    5       179.92    [ 0.0005 -0.0005 -0.7071  0.7071]       [3;4;11;12;19;20;31;32] | [1;3;5;11;13;19;25;27;29;31]
20    5       270.00    [-0.5000  0.5000 -0.5000  0.5000]       [3;4;11;12;19;20;31;32] | [1;2;3;4]
21    6       0.00      [ 0.7071  0.0000  0.7071  0.0000]       [25;26;27;28;29;30;31;32] | [3;4;11;19;31;32]
22    6       89.75     [ 0.5011 -0.4989  0.5011  0.4989]       [25;26;27;28;29;30;31;32] | [2;4;26;32]
23    6       180.00    [ 0.0000 -0.7071  0.0000  0.7071]       [25;26;27;28;29;30;31;32] | [1;2;5;13;25;26]
24    6       269.75    [ 0.4989  0.5011  0.4989 -0.5011]       [25;26;27;28;29;30;31;32] | [1;3;5;11;13;19;25;27;29;31]

Column key:
  Pose       = pose index in the merged candidate list
  Plane      = floor plane index (from findFloorPlanes)
  Theta      = rotation about floor-normal axis (deg)
  refQuat    = composed quaternion q_align * q_theta [w x y z]
  FloorVerts = vertex indices in floor contact set
  WallVerts  = vertex indices in wall contact set
